GOTIC_INSTANCE gotic_15_1_50_ex1
nbTIC 15
nbJOB 50
nbTIC 15
nbCMP 1
speed 50

#        id     x   y  t_start t_end   cmp_list
TIC	TIC_1	84	84	480	1080	1 
TIC	TIC_2	82	40	480	1080	1 
TIC	TIC_3	88	28	480	1080	1 
TIC	TIC_4	76	58	480	1080	1 
TIC	TIC_5	70	13	480	1080	1 
TIC	TIC_6	9	42	480	1080	1 
TIC	TIC_7	17	74	480	1080	1 
TIC	TIC_8	78	92	480	1080	1 
TIC	TIC_9	72	91	480	1080	1 
TIC	TIC_10	45	37	480	1080	1 
TIC	TIC_11	7	98	480	1080	1 
TIC	TIC_12	62	75	480	1080	1 
TIC	TIC_13	40	44	480	1080	1 
TIC	TIC_14	38	51	480	1080	1 
TIC	TIC_15	92	48	480	1080	1 

#        id     x   y    t_min t_max   C   D   d       P
JOB	JOB_1	82	7	690	869	1	60	1	100000
JOB	JOB_2	46	97	540	719	1	30	1	100000
JOB	JOB_3	77	70	840	899	1	30	1	100000
JOB	JOB_4	53	98	810	929	1	60	1	100000
JOB	JOB_5	95	84	810	929	1	30	1	100000
JOB	JOB_6	95	45	690	779	1	60	1	100000
JOB	JOB_7	22	79	930	1019	1	30	1	100000
JOB	JOB_8	76	43	0	1439	1	30	0	100000
JOB	JOB_9	34	60	540	689	1	30	1	100000
JOB	JOB_10	83	69	0	1439	1	60	0	100000
JOB	JOB_11	50	82	660	749	1	30	1	100000
JOB	JOB_12	29	41	780	959	1	30	1	100000
JOB	JOB_13	79	90	540	629	1	30	1	100000
JOB	JOB_14	31	0	720	809	1	60	1	100000
JOB	JOB_15	72	14	570	749	1	30	1	100000
JOB	JOB_16	70	58	750	839	1	60	1	100000
JOB	JOB_17	98	91	630	809	1	60	1	100000
JOB	JOB_18	20	83	720	839	1	60	1	100000
JOB	JOB_19	27	98	990	1049	1	30	1	100000
JOB	JOB_20	33	9	660	749	1	30	1	100000
JOB	JOB_21	3	33	810	959	1	60	1	100000
JOB	JOB_22	76	56	810	959	1	60	1	100000
JOB	JOB_23	79	48	540	629	1	30	1	100000
JOB	JOB_24	41	98	0	1439	1	60	0	100000
JOB	JOB_25	36	9	510	569	1	60	1	100000
JOB	JOB_26	62	87	690	779	1	60	1	100000
JOB	JOB_27	59	20	600	779	1	30	1	100000
JOB	JOB_28	6	85	540	689	1	30	1	100000
JOB	JOB_29	14	40	630	809	1	60	1	100000
JOB	JOB_30	21	40	690	749	1	60	1	100000
JOB	JOB_31	60	43	900	959	1	60	1	100000
JOB	JOB_32	87	95	0	1439	1	30	0	100000
JOB	JOB_33	66	20	870	929	1	30	1	100000
JOB	JOB_34	16	85	570	749	1	30	1	100000
JOB	JOB_35	95	46	510	659	1	60	1	100000
JOB	JOB_36	17	4	810	899	1	30	1	100000
JOB	JOB_37	49	9	540	689	1	60	1	100000
JOB	JOB_38	46	96	630	689	1	60	1	100000
JOB	JOB_39	7	69	540	689	1	60	1	100000
JOB	JOB_40	6	43	480	599	1	60	1	100000
JOB	JOB_41	1	48	690	779	1	60	1	100000
JOB	JOB_42	38	73	660	779	1	60	1	100000
JOB	JOB_43	57	83	840	899	1	60	1	100000
JOB	JOB_44	2	91	480	659	1	60	1	100000
JOB	JOB_45	90	7	630	689	1	30	1	100000
JOB	JOB_46	58	65	570	689	1	30	1	100000
JOB	JOB_47	73	49	480	599	1	60	1	100000
JOB	JOB_48	62	17	540	719	1	30	1	100000
JOB	JOB_49	56	29	780	959	1	30	1	100000
JOB	JOB_50	45	74	570	629	1	30	1	100000

END